                                                 time
  nx          ny          nz     total       sweep   iter    total steps          Notes
 -----       -----       -----  --------------------------   ------------  --------------------
  100         100         100   85.43066    83.05482           656          lws=[64,1,1]
  100         100         100   77.03991    74.66040           657          lws=[128,1,1]
  100         100         100   77.24305    74.88563           656          lws=[128,4,1]

  150         150         150   315.9052    309.5062           961          lws=[160,1,1]

  200         200         200   1084.534    1056.583          1312          lws=[200?,1,1]
  200         200         200   1082.419    1054.970   .805   1310          lws=[224 ,1,1]

  300         300         300   5190.376    5089.841  2.60    1957          lws=[160,1,1]
